set_population_indices: [0, 1]
set_population_indices: [0, 1]
set_population_indices: [0, 1]
set_population_indices: [0, 1]
start
plot state space
desolve: [-1/25*(13*X_0 + 12*X_1 - 25)*X_0, -1/25*(12*X_0 + 13*X_1 - 25)*X_1], [X_0, X_1], [0, 0.0200000000000000, 0.0500000000000000], ivar=t, end_points=30, step=0.1
